     0.000000000     0.779227032
     0.006060606     0.779044635
     0.012121212     0.778673764
     0.018181818     0.778168560
     0.024242424     0.777549970
     0.030303030     0.776830503
     0.036363636     0.776018988
     0.042424242     0.775121911
     0.048484848     0.774144525
     0.054545455     0.773091002
     0.060606061     0.771964985
     0.066666667     0.770769472
     0.072727273     0.769507064
     0.078787879     0.768180200
     0.084848485     0.766790888
     0.090909091     0.765341078
     0.096969697     0.763832387
     0.103030303     0.762266420
     0.109090909     0.760644635
     0.115151515     0.758968269
     0.121212121     0.757238542
     0.127272727     0.755456683
     0.133333333     0.753623746
     0.139393939     0.751740617
     0.145454545     0.749808379
     0.151515152     0.747827802
     0.157575758     0.745799814
     0.163636364     0.743725186
     0.169696970     0.741604676
     0.175757576     0.739439035
     0.181818182     0.737228898
     0.187878788     0.734974985
     0.193939394     0.732677905
     0.200000000     0.730338272
     0.206060606     0.727956678
     0.212121212     0.725533698
     0.218181818     0.723069868
     0.224242424     0.720565700
     0.230303030     0.718021722
     0.236363636     0.715438403
     0.242424242     0.712816278
     0.248484848     0.710155748
     0.254545455     0.707457312
     0.260606061     0.704721401
     0.266666667     0.701948441
     0.272727273     0.699138829
     0.278787879     0.696292984
     0.284848485     0.693411257
     0.290909091     0.690494140
     0.296969697     0.687541929
     0.303030303     0.684555034
     0.309090909     0.681533804
     0.315151515     0.678478559
     0.321212121     0.675389713
     0.327272727     0.672267563
     0.333333333     0.669112457
     0.339393939     0.665924759
     0.345454545     0.662704716
     0.351515152     0.659452772
     0.357575758     0.656169105
     0.363636364     0.652854098
     0.369696970     0.649508088
     0.375757576     0.646131324
     0.381818182     0.642724071
     0.387878788     0.639286749
     0.393939394     0.635819543
     0.400000000     0.632322772
     0.406060606     0.628796694
     0.412121212     0.625241675
     0.418181818     0.621657919
     0.424242424     0.618045746
     0.430303030     0.614405405
     0.436363636     0.610737192
     0.442424242     0.607041341
     0.448484848     0.603318192
     0.454545455     0.599567970
     0.460606061     0.595790967
     0.466666667     0.591987400
     0.472727273     0.588157532
     0.478787879     0.584301713
     0.484848485     0.580420169
     0.490909091     0.576513189
     0.496969697     0.572580929
     0.503030303     0.568623799
     0.509090909     0.564641963
     0.515151515     0.560635719
     0.521212121     0.556605292
     0.527272727     0.552551036
     0.533333333     0.548473201
     0.539393939     0.544371958
     0.545454545     0.540247695
     0.551515152     0.536100573
     0.557575758     0.531930938
     0.563636364     0.527739063
     0.569696970     0.523525202
     0.575757576     0.519289594
     0.581818182     0.515032596
     0.587878788     0.510754442
     0.593939394     0.506455433
     0.600000000     0.502135916
     0.606060606     0.497796039
     0.612121212     0.493436202
     0.618181818     0.489056665
     0.624242424     0.484657771
     0.630303030     0.480239788
     0.636363636     0.475803056
     0.642424242     0.471347862
     0.648484848     0.466874562
     0.654545455     0.462383488
     0.660606061     0.457875013
     0.666666667     0.453349386
     0.672727273     0.448807001
     0.678787879     0.444248227
     0.684848485     0.439673415
     0.690909091     0.435082954
     0.696969697     0.430477255
     0.703030303     0.425856715
     0.709090909     0.421221678
     0.715151515     0.416572645
     0.721212121     0.411910081
     0.727272727     0.407234318
     0.733333333     0.402545898
     0.739393939     0.397845313
     0.745454545     0.393133031
     0.751515152     0.388409610
     0.757575758     0.383675596
     0.763636364     0.378931528
     0.769696970     0.374178058
     0.775757576     0.369415754
     0.781818182     0.364645336
     0.787878788     0.359867478
     0.793939394     0.355082863
     0.800000000     0.350292321
     0.806060606     0.345496642
     0.812121212     0.340696731
     0.818181818     0.335893490
     0.824242424     0.331087935
     0.830303030     0.326281077
     0.836363636     0.321474077
     0.842424242     0.316668050
     0.848484848     0.311864312
     0.854545455     0.307063916
     0.860606061     0.302268092
     0.866666667     0.297477744
     0.872727273     0.292693386
     0.878787879     0.287914564
     0.884848485     0.283139251
     0.890909091     0.278362309
     0.896969697     0.273573373
     0.903030303     0.268752738
     0.909090909     0.263864510
     0.915151515     0.258844984
     0.921212121     0.253583538
     0.927272727     0.247890946
     0.933333333     0.241450118
     0.939393939     0.233745425
     0.945454545     0.223976039
     0.951515152     0.210987474
     0.957575758     0.195031018
     0.963636364     0.174705079
     0.969696970     0.147428381
     0.975757576     0.114864914
     0.981818182     0.080919645
     0.987878788     0.050184925
     0.993939394     0.025710827
     1.000000000     0.008136608
     1.006060606     0.002721381
     1.012121212     0.001237777
     1.018181818     0.000788825
     1.024242424     0.000654585
     1.030303030     0.000614582
     1.036363636     0.000602673
     1.042424242     0.000599129
     1.048484848     0.000598075
     1.054545455     0.000597761
     1.060606061     0.000597668
     1.066666667     0.000597640
     1.072727273     0.000597632
     1.078787879     0.000597629
     1.084848485     0.000597628
     1.090909091     0.000597628
     1.096969697     0.000597628
     1.103030303     0.000597628
     1.109090909     0.000597628
     1.115151515     0.000597628
     1.121212121     0.000597628
     1.127272727     0.000597628
     1.133333333     0.000597628
     1.139393939     0.000597628
     1.145454545     0.000597628
     1.151515152     0.000597628
     1.157575758     0.000597628
     1.163636364     0.000597628
     1.169696970     0.000597628
     1.175757576     0.000597628
     1.181818182     0.000597628
     1.187878788     0.000597628
     1.193939394     0.000597628
     1.200000000     0.000597628
