     0.000000000     2.526713735
     0.006060606     2.197502859
     0.012121212     1.964542464
     0.018181818     1.775845821
     0.024242424     1.586581128
     0.030303030     1.401080598
     0.036363636     1.233227921
     0.042424242     1.068618327
     0.048484848     0.899298046
     0.054545455     0.728350382
     0.060606061     0.555605945
     0.066666667     0.381738201
     0.072727273     0.213779639
     0.078787879     0.054871281
     0.084848485    -0.097004116
     0.090909091    -0.242860976
     0.096969697    -0.383270387
     0.103030303    -0.519120717
     0.109090909    -0.651015366
     0.115151515    -0.779192191
     0.121212121    -0.903959330
     0.127272727    -1.025489478
     0.133333333    -1.143465493
     0.139393939    -1.257552246
     0.145454545    -1.367506090
     0.151515152    -1.473210997
     0.157575758    -1.574668874
     0.163636364    -1.672051816
     0.169696970    -1.765543211
     0.175757576    -1.855292050
     0.181818182    -1.941349862
     0.187878788    -2.023686012
     0.193939394    -2.102164112
     0.200000000    -2.176627413
     0.206060606    -2.246928780
     0.212121212    -2.313012406
     0.218181818    -2.375012066
     0.224242424    -2.433494387
     0.230303030    -2.489045819
     0.236363636    -2.542188964
     0.242424242    -2.593560152
     0.248484848    -2.643687938
     0.254545455    -2.692568841
     0.260606061    -2.739872251
     0.266666667    -2.784997500
     0.272727273    -2.827436871
     0.278787879    -2.866709409
     0.284848485    -2.902242325
     0.290909091    -2.933706030
     0.296969697    -2.961127664
     0.303030303    -2.984713687
     0.309090909    -3.004737585
     0.315151515    -3.021415904
     0.321212121    -3.034974824
     0.327272727    -3.045663061
     0.333333333    -3.053672512
     0.339393939    -3.059150786
     0.345454545    -3.062205163
     0.351515152    -3.062937538
     0.357575758    -3.061454642
     0.363636364    -3.057867899
     0.369696970    -3.052286567
     0.375757576    -3.044802212
     0.381818182    -3.035438965
     0.387878788    -3.024131207
     0.393939394    -3.010798772
     0.400000000    -2.995359858
     0.406060606    -2.977743187
     0.412121212    -2.957867569
     0.418181818    -2.935639566
     0.424242424    -2.911021733
     0.430303030    -2.884044964
     0.436363636    -2.854866401
     0.442424242    -2.823666456
     0.448484848    -2.790616469
     0.454545455    -2.755885806
     0.460606061    -2.719645806
     0.466666667    -2.682077835
     0.472727273    -2.643345004
     0.478787879    -2.603572533
     0.484848485    -2.562808086
     0.490909091    -2.521053061
     0.496969697    -2.478312257
     0.503030303    -2.434592028
     0.509090909    -2.389899284
     0.515151515    -2.344238103
     0.521212121    -2.297611970
     0.527272727    -2.250030356
     0.533333333    -2.201558561
     0.539393939    -2.152349984
     0.545454545    -2.102586861
     0.551515152    -2.052463279
     0.557575758    -2.002164334
     0.563636364    -1.951874839
     0.569696970    -1.901782834
     0.575757576    -1.852072829
     0.581818182    -1.802929615
     0.587878788    -1.754550525
     0.593939394    -1.707150322
     0.600000000    -1.660966988
     0.606060606    -1.616237007
     0.612121212    -1.573195630
     0.618181818    -1.532084003
     0.624242424    -1.493138703
     0.630303030    -1.456588034
     0.636363636    -1.422693352
     0.642424242    -1.391701595
     0.648484848    -1.363681416
     0.654545455    -1.338514270
     0.660606061    -1.315842762
     0.666666667    -1.295306928
     0.672727273    -1.276561310
     0.678787879    -1.259253447
     0.684848485    -1.243033521
     0.690909091    -1.227559106
     0.696969697    -1.212468167
     0.703030303    -1.197405225
     0.709090909    -1.182122081
     0.715151515    -1.166479182
     0.721212121    -1.150478005
     0.727272727    -1.134124503
     0.733333333    -1.117416645
     0.739393939    -1.100354467
     0.745454545    -1.082936725
     0.751515152    -1.065159275
     0.757575758    -1.047032365
     0.763636364    -1.028580590
     0.769696970    -1.009841925
     0.775757576    -0.990858394
     0.781818182    -0.971670818
     0.787878788    -0.952303968
     0.793939394    -0.932767201
     0.800000000    -0.913057299
     0.806060606    -0.893171737
     0.812121212    -0.873117889
     0.818181818    -0.852909704
     0.824242424    -0.832563195
     0.830303030    -0.812080917
     0.836363636    -0.791470171
     0.842424242    -0.770756138
     0.848484848    -0.749939351
     0.854545455    -0.729009858
     0.860606061    -0.708027459
     0.866666667    -0.687026968
     0.872727273    -0.665948321
     0.878787879    -0.644920355
     0.884848485    -0.624191378
     0.890909091    -0.603674299
     0.896969697    -0.583592432
     0.903030303    -0.565075837
     0.909090909    -0.548569749
     0.915151515    -0.534423582
     0.921212121    -0.526722425
     0.927272727    -0.530231567
     0.933333333    -0.548519544
     0.939393939    -0.592997354
     0.945454545    -0.674203928
     0.951515152    -0.751679795
     0.957575758    -0.812817500
     0.963636364    -0.947124492
     0.969696970    -1.110564595
     0.975757576    -1.128736758
     0.981818182    -0.989644790
     0.987878788    -0.666674642
     0.993939394    -0.304329881
     1.000000000    -0.098134329
     1.006060606    -0.026236086
     1.012121212    -0.006527664
     1.018181818    -0.001591783
     1.024242424    -0.000387883
     1.030303030    -0.000098108
     1.036363636    -0.000001773
     1.042424242     0.000000034
     1.048484848    -0.000000001
     1.054545455     0.000000000
     1.060606061     0.000000000
     1.066666667     0.000000000
     1.072727273     0.000000000
     1.078787879     0.000000000
     1.084848485     0.000000000
     1.090909091     0.000000000
     1.096969697     0.000000000
     1.103030303     0.000000000
     1.109090909     0.000000000
     1.115151515     0.000000000
     1.121212121     0.000000000
     1.127272727     0.000000000
     1.133333333     0.000000000
     1.139393939     0.000000000
     1.145454545     0.000000000
     1.151515152     0.000000000
     1.157575758     0.000000000
     1.163636364     0.000000000
     1.169696970     0.000000000
     1.175757576     0.000000000
     1.181818182     0.000000000
     1.187878788     0.000000000
     1.193939394     0.000000000
     1.200000000     0.000000000
