     0.000000000     1.000000000
     0.006060606     0.999999865
     0.012121212     0.999998565
     0.018181818     0.999994968
     0.024242424     0.999988044
     0.030303030     0.999976509
     0.036363636     0.999959329
     0.042424242     0.999935232
     0.048484848     0.999903020
     0.054545455     0.999861622
     0.060606061     0.999809733
     0.066666667     0.999746356
     0.072727273     0.999670146
     0.078787879     0.999579945
     0.084848485     0.999474586
     0.090909091     0.999352902
     0.096969697     0.999213723
     0.103030303     0.999055805
     0.109090909     0.998877906
     0.115151515     0.998678977
     0.121212121     0.998457763
     0.127272727     0.998212991
     0.133333333     0.997943590
     0.139393939     0.997648204
     0.145454545     0.997325852
     0.151515152     0.996975213
     0.157575758     0.996594978
     0.163636364     0.996184228
     0.169696970     0.995741584
     0.175757576     0.995265824
     0.181818182     0.994755819
     0.187878788     0.994210370
     0.193939394     0.993628297
     0.200000000     0.993008437
     0.206060606     0.992349444
     0.212121212     0.991650350
     0.218181818     0.990909684
     0.224242424     0.990126531
     0.230303030     0.989299588
     0.236363636     0.988427598
     0.242424242     0.987509520
     0.248484848     0.986544057
     0.254545455     0.985530026
     0.260606061     0.984466373
     0.266666667     0.983351814
     0.272727273     0.982185133
     0.278787879     0.980965247
     0.284848485     0.979690924
     0.290909091     0.978361120
     0.296969697     0.976974535
     0.303030303     0.975530013
     0.309090909     0.974026552
     0.315151515     0.972462766
     0.321212121     0.970837681
     0.327272727     0.969150034
     0.333333333     0.967398798
     0.339393939     0.965582784
     0.345454545     0.963700823
     0.351515152     0.961751881
     0.357575758     0.959734682
     0.363636364     0.957648222
     0.369696970     0.955491394
     0.375757576     0.953263032
     0.381818182     0.950962109
     0.387878788     0.948587414
     0.393939394     0.946138037
     0.400000000     0.943612680
     0.406060606     0.941010460
     0.412121212     0.938330154
     0.418181818     0.935570833
     0.424242424     0.932731383
     0.430303030     0.929810782
     0.436363636     0.926807974
     0.442424242     0.923721912
     0.448484848     0.920551683
     0.454545455     0.917296299
     0.460606061     0.913954571
     0.466666667     0.910525621
     0.472727273     0.907008575
     0.478787879     0.903402330
     0.484848485     0.899706089
     0.490909091     0.895918712
     0.496969697     0.892039427
     0.503030303     0.888067363
     0.509090909     0.884001466
     0.515151515     0.879841043
     0.521212121     0.875585092
     0.527272727     0.871232737
     0.533333333     0.866783386
     0.539393939     0.862235935
     0.545454545     0.857589727
     0.551515152     0.852844046
     0.557575758     0.847998039
     0.563636364     0.843050985
     0.569696970     0.838002262
     0.575757576     0.832851049
     0.581818182     0.827596712
     0.587878788     0.822238743
     0.593939394     0.816776406
     0.600000000     0.811209085
     0.606060606     0.805536322
     0.612121212     0.799757475
     0.618181818     0.793872144
     0.624242424     0.787879766
     0.630303030     0.781780034
     0.636363636     0.775572423
     0.642424242     0.769256654
     0.648484848     0.762832395
     0.654545455     0.756299319
     0.660606061     0.749657273
     0.666666667     0.742906007
     0.672727273     0.736045396
     0.678787879     0.729075270
     0.684848485     0.721995762
     0.690909091     0.714806754
     0.696969697     0.707508329
     0.703030303     0.700100743
     0.709090909     0.692584072
     0.715151515     0.684958704
     0.721212121     0.677225064
     0.727272727     0.669383398
     0.733333333     0.661434275
     0.739393939     0.653378425
     0.745454545     0.645216578
     0.751515152     0.636949421
     0.757575758     0.628578031
     0.763636364     0.620103484
     0.769696970     0.611526906
     0.775757576     0.602849735
     0.781818182     0.594073485
     0.787878788     0.585199788
     0.793939394     0.576230510
     0.800000000     0.567167808
     0.806060606     0.558013909
     0.812121212     0.548771492
     0.818181818     0.539443311
     0.824242424     0.530032566
     0.830303030     0.520542780
     0.836363636     0.510977788
     0.842424242     0.501341833
     0.848484848     0.491639980
     0.854545455     0.481877100
     0.860606061     0.472059213
     0.866666667     0.462192745
     0.872727273     0.452284488
     0.878787879     0.442341819
     0.884848485     0.432372261
     0.890909091     0.422382732
     0.896969697     0.412378855
     0.903030303     0.402362666
     0.909090909     0.392329262
     0.915151515     0.382260364
     0.921212121     0.372114611
     0.927272727     0.361810280
     0.933333333     0.351200135
     0.939393939     0.340037997
     0.945454545     0.327948421
     0.951515152     0.314447256
     0.957575758     0.302175961
     0.963636364     0.289587324
     0.969696970     0.272634949
     0.975757576     0.252394739
     0.981818182     0.231295803
     0.987878788     0.212192443
     0.993939394     0.196979901
     1.000000000     0.186057022
     1.006060606     0.171950377
     1.012121212     0.128259442
     1.018181818     0.059820943
     1.024242424     0.018030416
     1.030303030     0.004985333
     1.036363636     0.001849139
     1.042424242     0.001145623
     1.048484848     0.000990308
     1.054545455     0.000956139
     1.060606061     0.000948629
     1.066666667     0.000946978
     1.072727273     0.000946615
     1.078787879     0.000946535
     1.084848485     0.000946518
     1.090909091     0.000946514
     1.096969697     0.000946513
     1.103030303     0.000946513
     1.109090909     0.000946513
     1.115151515     0.000946513
     1.121212121     0.000946513
     1.127272727     0.000946513
     1.133333333     0.000946513
     1.139393939     0.000946513
     1.145454545     0.000946513
     1.151515152     0.000946513
     1.157575758     0.000946513
     1.163636364     0.000946513
     1.169696970     0.000946513
     1.175757576     0.000946513
     1.181818182     0.000946513
     1.187878788     0.000946513
     1.193939394     0.000946513
     1.200000000     0.000946513
