     0.000000000     1.200000000
     0.006060606     1.192727273
     0.012121212     1.185454545
     0.018181818     1.178181818
     0.024242424     1.170909091
     0.030303030     1.163636364
     0.036363636     1.156363636
     0.042424242     1.149090909
     0.048484848     1.141818182
     0.054545455     1.134545455
     0.060606061     1.127272727
     0.066666667     1.120000000
     0.072727273     1.112727273
     0.078787879     1.105454545
     0.084848485     1.098181818
     0.090909091     1.090909091
     0.096969697     1.083636364
     0.103030303     1.076363636
     0.109090909     1.069090909
     0.115151515     1.061818182
     0.121212121     1.054545455
     0.127272727     1.047272727
     0.133333333     1.040000000
     0.139393939     1.032727273
     0.145454545     1.025454545
     0.151515152     1.018181818
     0.157575758     1.010909091
     0.163636364     1.003636364
     0.169696970     0.996363636
     0.175757576     0.989090909
     0.181818182     0.981818181
     0.187878788     0.974545515
     0.193939394     0.967267747
     0.200000000     0.960412201
     0.206060606     0.953636401
     0.212121212     0.946030658
     0.218181818     0.938306649
     0.224242424     0.930460157
     0.230303030     0.922498529
     0.236363636     0.914426750
     0.242424242     0.906249367
     0.248484848     0.897972539
     0.254545455     0.889600822
     0.260606061     0.881139672
     0.266666667     0.872596089
     0.272727273     0.863974360
     0.278787879     0.855279879
     0.284848485     0.846518602
     0.290909091     0.837695723
     0.296969697     0.828818438
     0.303030303     0.819887902
     0.309090909     0.810915213
     0.315151515     0.801904232
     0.321212121     0.792857122
     0.327272727     0.783783474
     0.333333333     0.774688619
     0.339393939     0.765574177
     0.345454545     0.756450413
     0.351515152     0.747320019
     0.357575758     0.738189178
     0.363636364     0.729063797
     0.369696970     0.719948583
     0.375757576     0.710849361
     0.381818182     0.701771120
     0.387878788     0.692719812
     0.393939394     0.683699912
     0.400000000     0.674717174
     0.406060606     0.665776697
     0.412121212     0.656883096
     0.418181818     0.648041826
     0.424242424     0.639257593
     0.430303030     0.630535391
     0.436363636     0.621880017
     0.442424242     0.613296097
     0.448484848     0.604788420
     0.454545455     0.596360489
     0.460606061     0.588018916
     0.466666667     0.579764880
     0.472727273     0.571606167
     0.478787879     0.563543196
     0.484848485     0.555582548
     0.490909091     0.547726356
     0.496969697     0.539978869
     0.503030303     0.532343972
     0.509090909     0.524823122
     0.515151515     0.517422529
     0.521212121     0.510139300
     0.527272727     0.502985803
     0.533333333     0.495952922
     0.539393939     0.489050729
     0.545454545     0.482280768
     0.551515152     0.475638541
     0.557575758     0.469132816
     0.563636364     0.462758743
     0.569696970     0.456523324
     0.575757576     0.450418697
     0.581818182     0.444453160
     0.587878788     0.438622177
     0.593939394     0.432919743
     0.600000000     0.427358881
     0.606060606     0.421922659
     0.612121212     0.416615647
     0.618181818     0.411438283
     0.624242424     0.406378230
     0.630303030     0.401438575
     0.636363636     0.396613932
     0.642424242     0.391892713
     0.648484848     0.387275818
     0.654545455     0.382752546
     0.660606061     0.378314221
     0.666666667     0.373954938
     0.672727273     0.369658068
     0.678787879     0.365420520
     0.684848485     0.361224545
     0.690909091     0.357054560
     0.696969697     0.352900857
     0.703030303     0.348746372
     0.709090909     0.344581654
     0.715151515     0.340406162
     0.721212121     0.336217355
     0.727272727     0.332015073
     0.733333333     0.327802993
     0.739393939     0.323577563
     0.745454545     0.319341486
     0.751515152     0.315095430
     0.757575758     0.310836691
     0.763636364     0.306570023
     0.769696970     0.302293723
     0.775757576     0.298006783
     0.781818182     0.293709492
     0.787878788     0.289412252
     0.793939394     0.285097669
     0.800000000     0.280778093
     0.806060606     0.276455843
     0.812121212     0.272125162
     0.818181818     0.267785134
     0.824242424     0.263445450
     0.830303030     0.259102074
     0.836363636     0.254745850
     0.842424242     0.250399060
     0.848484848     0.246038159
     0.854545455     0.241684030
     0.860606061     0.237330788
     0.866666667     0.232978634
     0.872727273     0.228608309
     0.878787879     0.224274326
     0.884848485     0.219925692
     0.890909091     0.215575196
     0.896969697     0.211234131
     0.903030303     0.206914465
     0.909090909     0.202555186
     0.915151515     0.198183694
     0.921212121     0.193765518
     0.927272727     0.189177809
     0.933333333     0.184293424
     0.939393939     0.178852958
     0.945454545     0.172552942
     0.951515152     0.165288989
     0.957575758     0.152514086
     0.963636364     0.135817477
     0.969696970     0.119606649
     0.975757576     0.100459130
     0.981818182     0.077028170
     0.987878788     0.050447950
     0.993939394     0.025017793
     1.000000000     0.008923383
     1.006060606     0.002725285
     1.012121212     0.001240770
     1.018181818     0.000790676
     1.024242424     0.000656123
     1.030303030     0.000616025
     1.036363636     0.000604089
     1.042424242     0.000600537
     1.048484848     0.000599480
     1.054545455     0.000599165
     1.060606061     0.000599071
     1.066666667     0.000599044
     1.072727273     0.000599035
     1.078787879     0.000599033
     1.084848485     0.000599032
     1.090909091     0.000599032
     1.096969697     0.000599032
     1.103030303     0.000599032
     1.109090909     0.000599032
     1.115151515     0.000599032
     1.121212121     0.000599032
     1.127272727     0.000599032
     1.133333333     0.000599032
     1.139393939     0.000599032
     1.145454545     0.000599032
     1.151515152     0.000599032
     1.157575758     0.000599032
     1.163636364     0.000599032
     1.169696970     0.000599032
     1.175757576     0.000599032
     1.181818182     0.000599032
     1.187878788     0.000599032
     1.193939394     0.000599032
     1.200000000     0.000599032
